dataRate,supervisors,cpucores,memory(G),workers,spouts,bolts,cpu_used(%),memory_used(M) 
894,2,8,3.8,8,8,16,5,1889
10825,2,8,3.8,8,8,16,26,1892
17626,2,8,3.8,8,8,16,38,2191
8941,2,8,3.8,8,8,16,19,2391
25776,2,8,3.8,8,8,16,58,2417
3413,2,8,3.8,8,8,16,9,2413
12389,2,8,3.8,8,8,16,29,2409
34913,2,8,3.8,8,8,16,70,2525
38568,2,8,3.8,8,8,16,91,2611
22122,2,8,3.8,8,8,16,48,2605
32845,2,8,3.8,8,8,16,74,2633
27498,2,8,3.8,8,8,16,59,2618
10700,2,8,3.8,8,8,16,24,2210
28223,2,8,3.8,8,8,16,60,2631
14817,2,8,3.8,8,8,16,33,2153
31812,2,8,3.8,8,8,16,65,2633
4019,2,8,3.8,8,8,16,9,2485
6562,2,8,3.8,8,8,16,16,1972
1788,2,8,3.8,8,8,16,5,1806
10319,2,8,3.8,8,8,16,25,2370
15194,2,8,3.8,8,8,16,34,2409
4367,2,8,3.8,8,8,16,13,2329
23580,2,8,3.8,8,8,16,53,2436
18284,2,8,3.8,8,8,16,35,2522
4384,2,8,3.8,8,8,16,11,2037
5454,2,8,3.8,8,8,16,14,1858
28516,2,8,3.8,8,8,16,62,2523
35131,2,8,3.8,8,8,16,79,2638
18800,2,8,3.8,8,8,16,41,2529
39394,2,8,3.8,8,8,16,90,2640
7783,2,8,3.8,8,8,16,18,2218
11306,2,8,3.8,8,8,16,21,2608
5051,2,8,3.8,8,8,16,12,2292
13523,2,8,3.8,8,8,16,29,2394
18377,2,8,3.8,8,8,16,41,2268
19267,2,8,3.8,8,8,16,45,2434
12464,2,8,3.8,8,8,16,28,2223
15620,2,8,3.8,8,8,16,30,2494
18760,2,8,3.8,8,8,16,40,2359
2084,2,8,3.8,8,8,16,6,2140
12781,2,8,3.8,8,8,16,30,2234
11469,2,8,3.8,8,8,16,24,2225
39055,2,8,3.8,8,8,16,91,2638
29512,2,8,3.8,8,8,16,67,2622
25498,2,8,3.8,8,8,16,56,2588
8894,2,8,3.8,8,8,16,20,2197
7832,2,8,3.8,8,8,16,19,1925
3388,2,8,3.8,8,8,16,9,1873
1869,2,8,3.8,8,8,16,6,1732
6512,2,8,3.8,8,8,16,18,2132
775,2,8,3.8,8,8,16,3,2187
10903,2,8,3.8,8,8,16,25,1959
6794,2,8,3.8,8,8,16,17,1747
28664,2,8,3.8,8,8,16,65,2540
38215,2,8,3.8,8,8,16,91,2608
7826,2,8,3.8,8,8,16,18,2343
14568,2,8,3.8,8,8,16,34,2435
21818,2,8,3.8,8,8,16,50,2543
4173,2,8,3.8,8,8,16,11,2338
5709,2,8,3.8,8,8,16,14,1825
21824,2,8,3.8,8,8,16,52,2509
14574,2,8,3.8,8,8,16,35,2403
3185,2,8,3.8,8,8,16,8,2138
11858,2,8,3.8,8,8,16,28,1856
20292,2,8,3.8,8,8,16,44,2488
30131,2,8,3.8,8,8,16,68,2579
38865,2,8,3.8,8,8,16,87,2595
27807,2,8,3.8,8,8,16,57,2612
10823,2,8,3.8,8,8,16,27,2626
16885,2,8,3.8,8,8,16,33,2621
14445,2,8,3.8,8,8,16,26,2641
23744,2,8,3.8,8,8,16,49,2679
38123,2,8,3.8,8,8,16,84,2690
38906,2,8,3.8,8,8,16,78,2687
13507,2,8,3.8,8,8,16,30,2698
39882,2,8,3.8,8,8,16,90,2702
3693,2,8,3.8,8,8,16,8,2593
25752,2,8,3.8,8,8,16,58,2648
2925,2,8,3.8,8,8,16,8,2560
18525,2,8,3.8,8,8,16,43,2414
13997,2,8,3.8,8,8,16,32,2293
6548,2,8,3.8,8,8,16,16,1955
17878,2,8,3.8,8,8,16,39,2552
35756,2,8,3.8,8,8,16,91,2688
23617,2,8,3.8,8,8,16,49,2708
13772,2,8,3.8,8,8,16,28,2727
36722,2,8,3.8,8,8,16,76,2743
16397,2,8,3.8,8,8,16,37,2187
11120,2,8,3.8,8,8,16,25,2130
1679,2,8,3.8,8,8,16,5,1957
7636,2,8,3.8,8,8,16,18,2042
33156,2,8,3.8,8,8,16,75,2686
30339,2,8,3.8,8,8,16,67,2691
8216,2,8,3.8,8,8,16,21,2387
36082,2,8,3.8,8,8,16,81,2699
1843,2,8,3.8,8,8,16,5,2689
2105,2,8,3.8,8,8,16,7,2500
20512,2,8,3.8,8,8,16,49,2727
14488,2,8,3.8,8,8,16,32,2770
5499,2,8,3.8,8,8,16,13,2368
15407,2,8,3.8,8,8,16,34,2499
11596,2,8,3.8,8,8,16,22,2717
2973,2,8,3.8,8,8,16,8,2531
15135,2,8,3.8,8,8,16,35,2556
19506,2,8,3.8,8,8,16,45,2525
1559,2,8,3.8,8,8,16,5,2536
18749,2,8,3.8,8,8,16,46,2646
32944,2,8,3.8,8,8,16,91,2752
2880,2,8,3.8,8,8,16,8,2678
30420,2,8,3.8,8,8,16,61,2781
11530,2,8,3.8,8,8,16,27,2260
21019,2,8,3.8,8,8,16,48,2659
11300,2,8,3.8,8,8,16,26,2394
19661,2,8,3.8,8,8,16,46,2518
3925,2,8,3.8,8,8,16,10,2410
17954,2,8,3.8,8,8,16,41,2582
10332,2,8,3.8,8,8,16,25,2322
17852,2,8,3.8,8,8,16,42,2607
29553,2,8,3.8,8,8,16,68,2729
274,2,8,3.8,8,8,16,2,2759
22852,2,8,3.8,8,8,16,50,2662
17994,2,8,3.8,8,8,16,38,2581
13292,2,8,3.8,8,8,16,29,2460
37003,2,8,3.8,8,8,16,91,2743
3113,2,8,3.8,8,8,16,9,2631
10522,2,8,3.8,8,8,16,25,2346
10977,2,8,3.8,8,8,16,25,2515
5499,2,8,3.8,8,8,16,14,2175
10236,2,8,3.8,8,8,16,22,2397
41066,2,8,3.8,8,8,16,89,2728
8448,2,8,3.8,8,8,16,19,2331
29201,2,8,3.8,8,8,16,58,2743
5716,2,8,3.8,8,8,16,12,2434
8216,2,8,3.8,8,8,16,19,2058
39200,2,8,3.8,8,8,16,87,2725
13200,2,8,3.8,8,8,16,30,2322
35036,2,8,3.8,8,8,16,71,2758
7469,2,8,3.8,8,8,16,18,2743
33186,2,8,3.8,8,8,16,74,2763
2373,2,8,3.8,8,8,16,8,2692
8580,2,8,3.8,8,8,16,20,2242
1270,2,8,3.8,8,8,16,5,2362
1293,2,8,3.8,8,8,16,5,2181
11449,2,8,3.8,8,8,16,27,2425
8867,2,8,3.8,8,8,16,21,2299
40169,2,8,3.8,8,8,16,87,2767
4807,2,8,3.8,8,8,16,12,2557
21336,2,8,3.8,8,8,16,46,2641
34029,2,8,3.8,8,8,16,70,2804
36856,2,8,3.8,8,8,16,76,2841
18086,2,8,3.8,8,8,16,39,2861
3336,2,8,3.8,8,8,16,9,2665
7337,2,8,3.8,8,8,16,18,2200
10161,2,8,3.8,8,8,16,20,2496
10281,2,8,3.8,8,8,16,23,2574
8482,2,8,3.8,8,8,16,23,2313
23524,2,8,3.8,8,8,16,52,2621
18692,2,8,3.8,8,8,16,42,2350
12168,2,8,3.8,8,8,16,27,2552
4544,2,8,3.8,8,8,16,13,2340
14606,2,8,3.8,8,8,16,35,2530
24162,2,8,3.8,8,8,16,51,2703
6415,2,8,3.8,8,8,16,15,2305
39040,2,8,3.8,8,8,16,84,2787
6920,2,8,3.8,8,8,16,19,2396
38429,2,8,3.8,8,8,16,90,2781
14704,2,8,3.8,8,8,16,28,2821
7795,2,8,3.8,8,8,16,19,2343
12325,2,8,3.8,8,8,16,29,2376
18403,2,8,3.8,8,8,16,41,2501
7853,2,8,3.8,8,8,16,19,2243
35388,2,8,3.8,8,8,16,70,2798
11629,2,8,3.8,8,8,16,27,2335
30612,2,8,3.8,8,8,16,68,2792
21368,2,8,3.8,8,8,16,47,2650
22061,2,8,3.8,8,8,16,49,2735
38661,2,8,3.8,8,8,16,89,2811
37664,2,8,3.8,8,8,16,84,2816
14003,2,8,3.8,8,8,16,30,2530
13543,2,8,3.8,8,8,16,31,2548
14138,2,8,3.8,8,8,16,35,2587
32815,2,8,3.8,8,8,16,70,2801
8687,2,8,3.8,8,8,16,20,2690
19981,2,8,3.8,8,8,16,45,2676
32451,2,8,3.8,8,8,16,90,2833
2215,2,8,3.8,8,8,16,8,2797
12862,2,8,3.8,8,8,16,30,2209
2162,2,8,3.8,8,8,16,6,2032
13689,2,8,3.8,8,8,16,32,2522
14745,2,8,3.8,8,8,16,34,2501
164,2,8,3.8,8,8,16,2,2516
9946,2,8,3.8,8,8,16,24,2211
20524,2,8,3.8,8,8,16,48,2705
26417,2,8,3.8,8,8,16,59,2744
8071,2,8,3.8,8,8,16,21,2467
13420,2,8,3.8,8,8,16,31,2426
10993,2,8,3.8,8,8,16,26,2096
8961,2,8,3.8,8,8,16,24,2496
18169,2,8,3.8,8,8,16,43,2593
39508,2,8,3.8,8,8,16,92,2774
20526,2,8,3.8,8,8,16,49,2699
9150,2,8,3.8,8,8,16,20,2770
11855,2,8,3.8,8,8,16,29,2800
10864,2,8,3.8,8,8,16,26,2364
26736,2,8,3.8,8,8,16,59,2725
2524,2,8,3.8,8,8,16,7,2694
20385,2,8,3.8,8,8,16,48,2612
34266,2,8,3.8,8,8,16,69,2816
10581,2,8,3.8,8,8,16,25,2427
6921,2,8,3.8,8,8,16,17,2219
20732,2,8,3.8,8,8,16,46,2729
27206,2,8,3.8,8,8,16,59,2786
37782,2,8,3.8,8,8,16,79,2822
40968,2,8,3.8,8,8,16,89,2824
9224,2,8,3.8,8,8,16,23,2470
33660,2,8,3.8,8,8,16,67,2808
8322,2,8,3.8,8,8,16,19,2451
19379,2,8,3.8,8,8,16,45,2591
8231,2,8,3.8,8,8,16,19,2373
6766,2,8,3.8,8,8,16,15,2183
4867,2,8,3.8,8,8,16,12,2108
16932,2,8,3.8,8,8,16,40,2330
15917,2,8,3.8,8,8,16,37,2252
32196,2,8,3.8,8,8,16,72,2806
14514,2,8,3.8,8,8,16,30,2705
39509,2,8,3.8,8,8,16,90,2811
37245,2,8,3.8,8,8,16,83,2821
36136,2,8,3.8,8,8,16,79,2821
15995,2,8,3.8,8,8,16,31,2842
6744,2,8,3.8,8,8,16,16,2442
7122,2,8,3.8,8,8,16,17,2103
20008,2,8,3.8,8,8,16,45,2604
12318,2,8,3.8,8,8,16,29,2547
22866,2,8,3.8,8,8,16,50,2690
3261,2,8,3.8,8,8,16,9,2499
1765,2,8,3.8,8,8,16,6,2060
8836,2,8,3.8,8,8,16,25,2392
11870,2,8,3.8,8,8,16,28,2500
20285,2,8,3.8,8,8,16,46,2434
40561,2,8,3.8,8,8,16,90,2791
18882,2,8,3.8,8,8,16,43,2490
4596,2,8,3.8,8,8,16,14,2380
39726,2,8,3.8,8,8,16,83,2796
37161,2,8,3.8,8,8,16,92,2837
2155,2,8,3.8,8,8,16,7,2774
4998,2,8,3.8,8,8,16,14,2275
15729,2,8,3.8,8,8,16,38,2702
20541,2,8,3.8,8,8,16,46,2742
37565,2,8,3.8,8,8,16,91,2840
13982,2,8,3.8,8,8,16,32,2658
39154,2,8,3.8,8,8,16,87,2857
3453,2,8,3.8,8,8,16,10,2722
13625,2,8,3.8,8,8,16,30,2732
645,2,8,3.8,8,8,16,3,2601
12487,2,8,3.8,8,8,16,27,2649
4658,2,8,3.8,8,8,16,11,2495
4871,2,8,3.8,8,8,16,12,2151
3313,2,8,3.8,8,8,16,10,2104
21853,2,8,3.8,8,8,16,51,2690
1883,2,8,3.8,8,8,16,6,2566
38649,2,8,3.8,8,8,16,92,2852
35428,2,8,3.8,8,8,16,73,2877
13308,2,8,3.8,8,8,16,30,2906
31332,2,8,3.8,8,8,16,63,2931
