dataRate,supervisors,cpucores,memory(G),workers,spouts,bolts,cpu_used(%),memory_used(M) 
803,2,8,3.8,8,8,8,5,1572
40574,2,8,3.8,8,8,8,87,2129
40644,2,8,3.8,8,8,8,89,2267
6674,2,8,3.8,8,8,8,18,1913
25508,2,8,3.8,8,8,8,55,2296
8923,2,8,3.8,8,8,8,22,2010
15605,2,8,3.8,8,8,8,33,2218
15244,2,8,3.8,8,8,8,32,2201
19099,2,8,3.8,8,8,8,43,2099
7136,2,8,3.8,8,8,8,18,2095
8183,2,8,3.8,8,8,8,19,1741
32510,2,8,3.8,8,8,8,71,2335
21608,2,8,3.8,8,8,8,49,2137
5109,2,8,3.8,8,8,8,14,1744
3924,2,8,3.8,8,8,8,11,1792
8149,2,8,3.8,8,8,8,20,1802
15151,2,8,3.8,8,8,8,37,2199
13688,2,8,3.8,8,8,8,31,1897
24105,2,8,3.8,8,8,8,52,2281
14851,2,8,3.8,8,8,8,34,1929
8122,2,8,3.8,8,8,8,18,1954
18481,2,8,3.8,8,8,8,44,2251
21773,2,8,3.8,8,8,8,48,2297
40756,2,8,3.8,8,8,8,86,2415
21678,2,8,3.8,8,8,8,49,2308
15334,2,8,3.8,8,8,8,33,2251
27864,2,8,3.8,8,8,8,62,2433
12823,2,8,3.8,8,8,8,31,1771
5898,2,8,3.8,8,8,8,15,1642
