dataRate,supervisors,cpucores,memory(G),workers,spouts,bolts,cpu_used(%),memory_used(M) 
896,2,8,3.8,8,8,16,0,408
10919,2,8,3.8,8,8,16,0,421
17523,2,8,3.8,8,8,16,0,423
8850,2,8,3.8,8,8,16,0,428
25804,2,8,3.8,8,8,16,0,430
3417,2,8,3.8,8,8,16,0,430
12491,2,8,3.8,8,8,16,0,430
33245,2,8,3.8,8,8,16,0,431
40955,2,8,3.8,8,8,16,0,431
22343,2,8,3.8,8,8,16,0,431
33307,2,8,3.8,8,8,16,0,431
27258,2,8,3.8,8,8,16,0,432
10727,2,8,3.8,8,8,16,0,432
29609,2,8,3.8,8,8,16,0,433
14655,2,8,3.8,8,8,16,9,1585
33007,2,8,3.8,8,8,16,25,1748
3914,2,8,3.8,8,8,16,37,1863
6562,2,8,3.8,8,8,16,24,2289
1782,2,8,3.8,8,8,16,51,2298
10313,2,8,3.8,8,8,16,18,2296
15022,2,8,3.8,8,8,16,24,2292
4397,2,8,3.8,8,8,16,64,2344
23592,2,8,3.8,8,8,16,89,2457
18313,2,8,3.8,8,8,16,55,2473
4371,2,8,3.8,8,8,16,68,2479
5448,2,8,3.8,8,8,16,61,2474
28626,2,8,3.8,8,8,16,31,2255
35706,2,8,3.8,8,8,16,51,2308
19066,2,8,3.8,8,8,16,39,2224
41109,2,8,3.8,8,8,16,62,2399
7831,2,8,3.8,8,8,16,20,2477
11409,2,8,3.8,8,8,16,14,1956
5017,2,8,3.8,8,8,16,7,1796
13756,2,8,3.8,8,8,16,20,2112
17970,2,8,3.8,8,8,16,35,2237
19231,2,8,3.8,8,8,16,17,2309
12718,2,8,3.8,8,8,16,45,2245
15790,2,8,3.8,8,8,16,42,2374
18790,2,8,3.8,8,8,16,14,2191
2083,2,8,3.8,8,8,16,14,1768
13021,2,8,3.8,8,8,16,54,2230
11661,2,8,3.8,8,8,16,75,2475
40816,2,8,3.8,8,8,16,48,2387
30031,2,8,3.8,8,8,16,81,2456
25941,2,8,3.8,8,8,16,30,2356
8992,2,8,3.8,8,8,16,24,2226
7841,2,8,3.8,8,8,16,14,2355
3413,2,8,3.8,8,8,16,27,2102
