dataRate,supervisors,cpucores,memory(G),workers,spouts,bolts,cpu_used(%),memory_used(M) 
804,2,8,3.8,8,8,8,5,1938
39655,2,8,3.8,8,8,8,87,2384
40378,2,8,3.8,8,8,8,89,2513
6637,2,8,3.8,8,8,8,18,1921
25132,2,8,3.8,8,8,8,57,2492
8827,2,8,3.8,8,8,8,22,2041
15926,2,8,3.8,8,8,8,35,2320
15429,2,8,3.8,8,8,8,33,2280
19171,2,8,3.8,8,8,8,43,2185
7127,2,8,3.8,8,8,8,19,2127
8160,2,8,3.8,8,8,8,19,1725
32350,2,8,3.8,8,8,8,71,2501
21528,2,8,3.8,8,8,8,49,2261
5134,2,8,3.8,8,8,8,14,1729
3934,2,8,3.8,8,8,8,10,1761
8120,2,8,3.8,8,8,8,19,1807
15174,2,8,3.8,8,8,8,35,2326
13590,2,8,3.8,8,8,8,31,1947
24315,2,8,3.8,8,8,8,55,2416
14648,2,8,3.8,8,8,8,33,1969
8148,2,8,3.8,8,8,8,17,2053
18696,2,8,3.8,8,8,8,39,2373
21796,2,8,3.8,8,8,8,49,2404
40179,2,8,3.8,8,8,8,86,2525
21870,2,8,3.8,8,8,8,49,2371
15233,2,8,3.8,8,8,8,37,2324
27867,2,8,3.8,8,8,8,60,2503
12855,2,8,3.8,8,8,8,31,1832
5867,2,8,3.8,8,8,8,15,1717
